23
2.50e+20
1.4960e+11  0.0000e+00  0.0000e+00  2.9800e+04  5.9740e+24  asteroid.gif
2.2790e+11  0.0000e+00  0.0000e+00  2.4100e+04  6.4190e+23  neptune.gif
5.7900e+10  0.0000e+00  0.0000e+00  4.7900e+04  3.3020e+23  jupiter.gif
0.0000e+00  0.0000e+00  0.0000e+00  0.0000e+00  1.9890e+30  blackhole.gif
0.0000e+00  0.0000e+00  1.0000e+01  1.0000e+01  1.9890e+30  blackhole.gif
0.0000e+00  0.0000e+00  1.0000e+02  1.0000e+02  1.9890e+30  blackhole.gif
0.0000e+00  0.0000e+00  1.0000e+03  1.0000e+03  1.9890e+30  blackhole.gif
0.0000e+00  0.0000e+00  1.0000e+04  1.0000e+04  1.9890e+30  blackhole.gif
0.0000e+00  0.0000e+00  1.0000e+05  1.0000e+05  1.9890e+30  blackhole.gif
0.0000e+00  0.0000e+00  1.0000e+06  1.0000e+06  1.9890e+30  blackhole.gif
0.0000e+00  0.0000e+00  1.0000e+07  1.0000e+07  1.9890e+30  blackhole.gif
0.0000e+00  0.0000e+00  1.0000e+08  1.0000e+08  1.9890e+30  blackhole.gif
0.0000e+00  0.0000e+00  1.0000e+09  1.0000e+09  1.9890e+30  blackhole.gif
0.0000e+00  0.0000e+00  1.0000e+10  1.0000e+10  1.9890e+30  blackhole.gif
0.0000e+00  0.0000e+00  1.0000e+11  1.0000e+11  1.9890e+30  blackhole.gif
0.0000e+00  0.0000e+00  1.0000e+12  1.0000e+12  1.9890e+30  blackhole.gif
0.0000e+00  0.0000e+00  1.0000e+13  1.0000e+13  1.9890e+30  blackhole.gif
0.0000e+00  0.0000e+00  1.0000e+14  1.0000e+14  1.9890e+30  blackhole.gif
0.0000e+00  0.0000e+00  1.0000e+15  1.0000e+15  1.9890e+30  blackhole.gif
0.0000e+00  0.0000e+00  1.0000e+16  1.0000e+16  1.9890e+30  blackhole.gif
0.0000e+00  0.0000e+00  1.0000e+17  1.0000e+17  1.9890e+30  blackhole.gif
0.0000e+00  0.0000e+00  1.0000e+18  1.0000e+18  1.9890e+30  blackhole.gif
1.0820e+11  0.0000e+00  0.0000e+00  3.5000e+04  4.8690e+24  sun.gif